( 0 1900 2800 ) ( 2 500 500 ) 
( 1 2030 2260 ) 
( 3 20400 11530 ) 
( 0 1910 2380 ) ( 2 500 500 ) 
( 1 1750 1590 ) 
( 3 10580 4860 ) 
( 0 1620 1890 ) ( 2 500 500 ) 
( 1 1180 1230 ) 
( 3 3910 1760 ) 
( 0 2280 1900 ) ( 2 500 500 ) 
( 1 1200 930 ) 
( 3 2760 1490 ) 
( 0 2740 3110 ) ( 2 500 500 ) 
( 1 980 740 ) 
( 3 6620 2910 ) 
( 0 2470 2220 ) ( 2 500 500 ) 
( 1 2000 1790 ) 
( 3 12120 5380 ) 
( 0 2230 1700 ) ( 2 500 500 ) 
( 1 1260 1350 ) 
( 3 1520 680 ) 
( 0 1670 1380 ) ( 2 500 500 ) 
( 1 1100 1050 ) 
( 3 1530 630 ) 
( 0 1320 1420 ) ( 2 500 500 ) 
( 1 970 800 ) 
( 3 830 430 ) 
( 0 1460 1760 ) ( 2 500 500 ) 
( 1 680 730 ) 
( 3 800 400 ) 
( 0 2430 1840 ) ( 2 500 500 ) 
( 1 1740 1600 ) 
( 3 2730 1330 ) 
( 0 1260 1260 ) ( 2 500 500 ) 
( 1 1170 1240 ) 
( 3 800 400 ) 
( 0 1090 890 ) ( 2 500 500 ) 
( 1 980 1050 ) 
( 3 810 410 ) 
( 0 960 940 ) ( 2 500 500 ) 
( 1 870 960 ) 
( 3 800 400 ) 
( 0 1080 930 ) ( 2 500 500 ) 
( 1 700 700 ) 
( 3 800 400 ) 
( 0 1880 1280 ) ( 2 500 500 ) 
( 1 1210 1410 ) 
( 3 800 400 ) 
( 0 920 800 ) ( 2 500 500 ) 
( 1 1100 990 ) 
( 3 800 400 ) 
( 0 690 620 ) ( 2 500 500 ) 
( 1 990 980 ) 
( 3 800 400 ) 
( 0 690 730 ) ( 2 500 500 ) 
( 1 900 780 ) 
( 3 800 400 ) 
( 0 680 720 ) ( 2 500 500 ) 
( 1 630 690 ) 
( 3 800 400 ) 
( 0 1150 1320 ) ( 2 500 500 ) 
( 1 1740 1880 ) 
( 3 810 400 ) 
( 0 830 840 ) ( 2 500 500 ) 
( 1 1220 1430 ) 
( 3 800 400 ) 
( 0 720 640 ) ( 2 500 500 ) 
( 1 1120 1180 ) 
( 3 800 400 ) 
( 0 640 610 ) ( 2 500 500 ) 
( 1 1020 1270 ) 
( 3 800 400 ) 
( 0 620 720 ) ( 2 500 500 ) 
( 1 700 770 ) 
( 3 800 400 ) 
( 0 510 500 ) ( 2 500 500 ) 
( 1 1630 1970 ) 
( 3 800 400 ) 
( 0 500 520 ) ( 2 500 500 ) 
( 1 1020 1120 ) 
( 3 800 400 ) 
( 0 510 500 ) ( 2 500 500 ) 
( 1 920 850 ) 
( 3 800 400 ) 
( 0 500 510 ) ( 2 500 500 ) 
( 1 880 820 ) 
( 3 800 400 ) 
( 0 530 540 ) ( 2 500 500 ) 
( 1 680 640 ) 
( 3 800 400 ) 
( 0 500 500 ) ( 2 500 500 ) 
( 1 840 800 ) 
( 3 800 400 ) 
( 0 500 500 ) ( 2 500 500 ) 
( 1 700 740 ) 
( 3 800 400 ) 
( 0 500 500 ) ( 2 500 500 ) 
( 1 610 570 ) 
( 3 800 400 ) 
( 0 500 500 ) ( 2 500 500 ) 
( 1 750 680 ) 
( 3 800 400 ) 
( 0 510 500 ) ( 2 500 500 ) 
( 1 650 640 ) 
( 3 800 400 ) 
( 0 500 500 ) ( 2 500 500 ) 
( 1 500 510 ) 
( 3 800 400 ) 
( 0 500 500 ) ( 2 500 500 ) 
( 1 510 540 ) 
( 3 800 400 ) 
( 0 500 500 ) ( 2 500 500 ) 
( 1 510 530 ) 
( 3 800 400 ) 
( 0 500 500 ) ( 2 500 500 ) 
( 1 540 580 ) 
( 3 800 400 ) 
( 0 500 500 ) ( 2 500 500 ) 
( 1 520 560 ) 
( 3 800 400 ) 
( 0 500 500 ) ( 2 500 500 ) 
( 1 500 500 ) 
( 3 800 400 ) 
( 0 500 500 ) ( 2 500 500 ) 
( 1 500 500 ) 
( 3 800 400 ) 
( 0 500 500 ) ( 2 500 500 ) 
( 1 500 500 ) 
( 3 800 400 ) 
( 0 500 500 ) ( 2 500 500 ) 
( 1 500 500 ) 
( 3 800 400 ) 
( 0 500 500 ) ( 2 500 500 ) 
( 1 500 500 ) 
( 3 800 400 ) 
( 0 500 500 ) ( 2 500 500 ) 
( 1 500 500 ) 
( 3 800 400 ) 
( 0 500 500 ) ( 2 500 500 ) 
( 1 500 500 ) 
( 3 800 400 ) 
( 0 500 500 ) ( 2 500 500 ) 
( 1 500 500 ) 
( 3 800 400 ) 
( 0 500 500 ) ( 2 500 500 ) 
( 1 500 500 ) 
( 3 800 400 ) 
( 0 500 500 ) ( 2 500 500 ) 
( 1 500 500 ) 
( 3 800 400 ) 
( 0 5880 9010 ) ( 2 500 700 ) 
( 1 6490 7750 ) 
( 3 76400 39670 ) 
( 0 5720 6850 ) ( 2 500 700 ) 
( 1 4190 4990 ) 
( 3 34360 19400 ) 
( 0 6420 5070 ) ( 2 500 700 ) 
( 1 3430 3540 ) 
( 3 13750 7490 ) 
( 0 6100 7490 ) ( 2 500 700 ) 
( 1 2390 2490 ) 
( 3 8010 5670 ) 
( 0 10010 9490 ) ( 2 500 700 ) 
( 1 1360 1680 ) 
( 3 20130 11970 ) 
( 0 6310 10490 ) ( 2 500 700 ) 
( 1 5120 6850 ) 
( 3 41480 23670 ) 
( 0 5510 6210 ) ( 2 500 700 ) 
( 1 3400 4230 ) 
( 3 3020 1570 ) 
( 0 4350 4330 ) ( 2 500 700 ) 
( 1 2330 2740 ) 
( 3 3230 1660 ) 
( 0 3840 4740 ) ( 2 500 700 ) 
( 1 1720 2630 ) 
( 3 1080 600 ) 
( 0 3800 5410 ) ( 2 500 700 ) 
( 1 1210 1380 ) 
( 3 800 500 ) 
( 0 5580 7530 ) ( 2 500 700 ) 
( 1 4260 5550 ) 
( 3 6850 4500 ) 
( 0 3100 4100 ) ( 2 500 700 ) 
( 1 2570 3520 ) 
( 3 800 500 ) 
( 0 2190 2490 ) ( 2 500 700 ) 
( 1 2060 2710 ) 
( 3 830 540 ) 
( 0 1890 3040 ) ( 2 500 700 ) 
( 1 1970 2140 ) 
( 3 800 500 ) 
( 0 1980 2720 ) ( 2 500 700 ) 
( 1 1150 1210 ) 
( 3 800 500 ) 
( 0 3600 6230 ) ( 2 500 700 ) 
( 1 2890 4190 ) 
( 3 800 500 ) 
( 0 1890 2480 ) ( 2 500 700 ) 
( 1 2270 2900 ) 
( 3 810 510 ) 
( 0 1150 1690 ) ( 2 500 700 ) 
( 1 2110 2490 ) 
( 3 800 500 ) 
( 0 1420 1480 ) ( 2 500 700 ) 
( 1 1320 2150 ) 
( 3 800 500 ) 
( 0 1420 1790 ) ( 2 500 700 ) 
( 1 1220 1350 ) 
( 3 800 500 ) 
( 0 2830 3840 ) ( 2 500 700 ) 
( 1 4920 5410 ) 
( 3 880 520 ) 
( 0 1240 2010 ) ( 2 500 700 ) 
( 1 3530 3940 ) 
( 3 800 500 ) 
( 0 1040 1220 ) ( 2 500 700 ) 
( 1 3030 3630 ) 
( 3 800 500 ) 
( 0 1010 1230 ) ( 2 500 700 ) 
( 1 2440 3160 ) 
( 3 800 500 ) 
( 0 1170 1410 ) ( 2 500 700 ) 
( 1 1620 1590 ) 
( 3 800 500 ) 
( 0 520 740 ) ( 2 500 700 ) 
( 1 4460 7810 ) 
( 3 800 500 ) 
( 0 590 840 ) ( 2 500 700 ) 
( 1 2350 3700 ) 
( 3 800 500 ) 
( 0 560 810 ) ( 2 500 700 ) 
( 1 1850 2380 ) 
( 3 800 500 ) 
( 0 580 810 ) ( 2 500 700 ) 
( 1 1820 1900 ) 
( 3 800 500 ) 
( 0 620 790 ) ( 2 500 700 ) 
( 1 1040 1370 ) 
( 3 800 500 ) 
( 0 500 700 ) ( 2 500 700 ) 
( 1 1540 2350 ) 
( 3 800 500 ) 
( 0 500 700 ) ( 2 500 700 ) 
( 1 1200 1960 ) 
( 3 800 500 ) 
( 0 510 710 ) ( 2 500 700 ) 
( 1 960 1430 ) 
( 3 800 500 ) 
( 0 510 700 ) ( 2 500 700 ) 
( 1 1080 1530 ) 
( 3 800 500 ) 
( 0 510 720 ) ( 2 500 700 ) 
( 1 930 1090 ) 
( 3 800 500 ) 
( 0 500 700 ) ( 2 500 700 ) 
( 1 520 740 ) 
( 3 800 500 ) 
( 0 500 700 ) ( 2 500 700 ) 
( 1 580 810 ) 
( 3 800 500 ) 
( 0 500 700 ) ( 2 500 700 ) 
( 1 590 770 ) 
( 3 800 500 ) 
( 0 510 700 ) ( 2 500 700 ) 
( 1 660 870 ) 
( 3 800 500 ) 
( 0 500 700 ) ( 2 500 700 ) 
( 1 670 950 ) 
( 3 800 500 ) 
( 0 500 700 ) ( 2 500 700 ) 
( 1 500 700 ) 
( 3 800 500 ) 
( 0 500 700 ) ( 2 500 700 ) 
( 1 500 700 ) 
( 3 800 500 ) 
( 0 500 700 ) ( 2 500 700 ) 
( 1 500 700 ) 
( 3 800 500 ) 
( 0 500 700 ) ( 2 500 700 ) 
( 1 510 700 ) 
( 3 800 500 ) 
( 0 500 700 ) ( 2 500 700 ) 
( 1 500 700 ) 
( 3 800 500 ) 
( 0 500 700 ) ( 2 500 700 ) 
( 1 500 700 ) 
( 3 800 500 ) 
( 0 500 700 ) ( 2 500 700 ) 
( 1 500 700 ) 
( 3 800 500 ) 
( 0 500 700 ) ( 2 500 700 ) 
( 1 500 700 ) 
( 3 800 500 ) 
( 0 500 700 ) ( 2 500 700 ) 
( 1 500 710 ) 
( 3 800 500 ) 
( 0 500 700 ) ( 2 500 700 ) 
( 1 500 700 ) 
( 3 800 500 ) 
( 0 8450 16810 ) ( 2 500 900 ) 
( 1 9080 15140 ) 
( 3 128760 76660 ) 
( 0 8440 13700 ) ( 2 500 900 ) 
( 1 7430 9080 ) 
( 3 62220 31910 ) 
( 0 6910 12850 ) ( 2 500 900 ) 
( 1 5430 6870 ) 
( 3 22060 13470 ) 
( 0 9070 13360 ) ( 2 500 900 ) 
( 1 3350 5660 ) 
( 3 15230 7180 ) 
( 0 11720 21250 ) ( 2 500 900 ) 
( 1 1850 2840 ) 
( 3 36200 19140 ) 
( 0 11860 17260 ) ( 2 500 900 ) 
( 1 6770 12460 ) 
( 3 62680 51250 ) 
( 0 7870 11840 ) ( 2 500 900 ) 
( 1 5400 7140 ) 
( 3 4510 3740 ) 
( 0 4950 9470 ) ( 2 500 900 ) 
( 1 3110 5520 ) 
( 3 4850 3160 ) 
( 0 6530 7830 ) ( 2 500 900 ) 
( 1 2650 3930 ) 
( 3 1290 950 ) 
( 0 5490 9130 ) ( 2 500 900 ) 
( 1 1410 2220 ) 
( 3 820 600 ) 
( 0 7300 16390 ) ( 2 500 900 ) 
( 1 6380 9450 ) 
( 3 11520 7780 ) 
( 0 4170 7000 ) ( 2 500 900 ) 
( 1 4280 6240 ) 
( 3 800 600 ) 
( 0 2870 4600 ) ( 2 500 900 ) 
( 1 3130 4510 ) 
( 3 840 630 ) 
( 0 2690 5280 ) ( 2 500 900 ) 
( 1 2680 3480 ) 
( 3 800 600 ) 
( 0 2640 4390 ) ( 2 500 900 ) 
( 1 1580 2250 ) 
( 3 800 600 ) 
( 0 6180 9350 ) ( 2 500 900 ) 
( 1 3480 7850 ) 
( 3 810 600 ) 
( 0 3080 3830 ) ( 2 500 900 ) 
( 1 3040 5200 ) 
( 3 830 620 ) 
( 0 1650 2720 ) ( 2 500 900 ) 
( 1 3150 4140 ) 
( 3 800 600 ) 
( 0 1590 2910 ) ( 2 500 900 ) 
( 1 2590 3460 ) 
( 3 800 600 ) 
( 0 1710 2880 ) ( 2 500 900 ) 
( 1 1500 2300 ) 
( 3 800 600 ) 
( 0 3690 6710 ) ( 2 500 900 ) 
( 1 6230 10100 ) 
( 3 850 640 ) 
( 0 1600 3010 ) ( 2 500 900 ) 
( 1 4160 8560 ) 
( 3 800 600 ) 
( 0 1100 1960 ) ( 2 500 900 ) 
( 1 4790 6130 ) 
( 3 800 600 ) 
( 0 1110 2060 ) ( 2 500 900 ) 
( 1 3940 5030 ) 
( 3 800 600 ) 
( 0 1150 2360 ) ( 2 500 900 ) 
( 1 1780 2870 ) 
( 3 800 600 ) 
( 0 530 990 ) ( 2 500 900 ) 
( 1 6660 17940 ) 
( 3 800 600 ) 
( 0 640 1090 ) ( 2 500 900 ) 
( 1 3450 6470 ) 
( 3 800 600 ) 
( 0 570 1050 ) ( 2 500 900 ) 
( 1 2880 4670 ) 
( 3 800 600 ) 
( 0 560 1080 ) ( 2 500 900 ) 
( 1 2700 4070 ) 
( 3 800 600 ) 
( 0 700 1180 ) ( 2 500 900 ) 
( 1 1470 2390 ) 
( 3 800 600 ) 
( 0 500 900 ) ( 2 500 900 ) 
( 1 2350 5230 ) 
( 3 800 600 ) 
( 0 500 900 ) ( 2 500 900 ) 
( 1 1790 3060 ) 
( 3 800 600 ) 
( 0 500 900 ) ( 2 500 900 ) 
( 1 1510 2470 ) 
( 3 800 600 ) 
( 0 520 910 ) ( 2 500 900 ) 
( 1 1590 2890 ) 
( 3 800 600 ) 
( 0 500 930 ) ( 2 500 900 ) 
( 1 1080 1720 ) 
( 3 800 600 ) 
( 0 500 900 ) ( 2 500 900 ) 
( 1 540 1110 ) 
( 3 800 600 ) 
( 0 500 900 ) ( 2 500 900 ) 
( 1 650 1150 ) 
( 3 800 600 ) 
( 0 500 900 ) ( 2 500 900 ) 
( 1 700 1150 ) 
( 3 800 600 ) 
( 0 500 900 ) ( 2 500 900 ) 
( 1 730 1310 ) 
( 3 800 600 ) 
( 0 500 900 ) ( 2 500 900 ) 
( 1 750 1360 ) 
( 3 800 600 ) 
( 0 500 900 ) ( 2 500 900 ) 
( 1 500 900 ) 
( 3 800 600 ) 
( 0 500 900 ) ( 2 500 900 ) 
( 1 500 900 ) 
( 3 800 600 ) 
( 0 500 900 ) ( 2 500 900 ) 
( 1 510 900 ) 
( 3 800 600 ) 
( 0 500 900 ) ( 2 500 900 ) 
( 1 500 910 ) 
( 3 800 600 ) 
( 0 500 900 ) ( 2 500 900 ) 
( 1 510 910 ) 
( 3 800 600 ) 
( 0 500 900 ) ( 2 500 900 ) 
( 1 500 900 ) 
( 3 800 600 ) 
( 0 500 900 ) ( 2 500 900 ) 
( 1 500 900 ) 
( 3 800 600 ) 
( 0 500 900 ) ( 2 500 900 ) 
( 1 500 900 ) 
( 3 800 600 ) 
( 0 500 900 ) ( 2 500 900 ) 
( 1 500 900 ) 
( 3 800 600 ) 
( 0 500 900 ) ( 2 500 900 ) 
( 1 500 900 ) 
( 3 800 600 ) 
( 0 11980 23610 ) ( 2 500 1100 ) 
( 1 8840 23910 ) 
( 3 159490 133020 ) 
( 0 11570 19780 ) ( 2 500 1100 ) 
( 1 7100 14530 ) 
( 3 82070 53950 ) 
( 0 10530 17460 ) ( 2 500 1100 ) 
( 1 5050 10430 ) 
( 3 32170 18010 ) 
( 0 10420 22640 ) ( 2 500 1100 ) 
( 1 3700 8060 ) 
( 3 19440 12910 ) 
( 0 16860 29320 ) ( 2 500 1100 ) 
( 1 2160 3740 ) 
( 3 42740 35990 ) 
( 0 9530 30960 ) ( 2 500 1100 ) 
( 1 8170 18430 ) 
( 3 101090 63450 ) 
( 0 7970 19850 ) ( 2 500 1100 ) 
( 1 5380 11590 ) 
( 3 6820 4780 ) 
( 0 7210 12590 ) ( 2 500 1100 ) 
( 1 3590 7810 ) 
( 3 6090 4980 ) 
( 0 7760 12260 ) ( 2 500 1100 ) 
( 1 2530 5710 ) 
( 3 1430 1250 ) 
( 0 7390 14060 ) ( 2 500 1100 ) 
( 1 1640 2730 ) 
( 3 800 730 ) 
( 0 9060 24310 ) ( 2 500 1100 ) 
( 1 6400 16030 ) 
( 3 13890 14430 ) 
( 0 6270 9550 ) ( 2 500 1100 ) 
( 1 3940 10620 ) 
( 3 820 710 ) 
( 0 3470 6610 ) ( 2 500 1100 ) 
( 1 3550 7370 ) 
( 3 880 720 ) 
( 0 3920 6570 ) ( 2 500 1100 ) 
( 1 2800 4960 ) 
( 3 800 700 ) 
( 0 2870 7040 ) ( 2 500 1100 ) 
( 1 1400 3110 ) 
( 3 800 700 ) 
( 0 7060 16500 ) ( 2 500 1100 ) 
( 1 4180 11710 ) 
( 3 800 700 ) 
( 0 3030 6690 ) ( 2 500 1100 ) 
( 1 3730 7750 ) 
( 3 800 700 ) 
( 0 2040 3440 ) ( 2 500 1100 ) 
( 1 3320 7320 ) 
( 3 800 700 ) 
( 0 2040 3990 ) ( 2 500 1100 ) 
( 1 2590 5380 ) 
( 3 800 700 ) 
( 0 1880 4220 ) ( 2 500 1100 ) 
( 1 1330 3250 ) 
( 3 800 700 ) 
( 0 4160 10960 ) ( 2 500 1100 ) 
( 1 6710 16980 ) 
( 3 870 770 ) 
( 0 1890 4780 ) ( 2 500 1100 ) 
( 1 5150 13240 ) 
( 3 800 700 ) 
( 0 1440 2900 ) ( 2 500 1100 ) 
( 1 5510 10370 ) 
( 3 800 700 ) 
( 0 1380 3010 ) ( 2 500 1100 ) 
( 1 4480 8930 ) 
( 3 800 700 ) 
( 0 1690 2860 ) ( 2 500 1100 ) 
( 1 2260 4000 ) 
( 3 800 700 ) 
( 0 540 1210 ) ( 2 500 1100 ) 
( 1 9200 27870 ) 
( 3 800 700 ) 
( 0 700 1400 ) ( 2 500 1100 ) 
( 1 4060 10700 ) 
( 3 800 700 ) 
( 0 620 1360 ) ( 2 500 1100 ) 
( 1 4140 6390 ) 
( 3 800 700 ) 
( 0 680 1260 ) ( 2 500 1100 ) 
( 1 3170 6400 ) 
( 3 800 700 ) 
( 0 600 1430 ) ( 2 500 1100 ) 
( 1 2050 3450 ) 
( 3 800 700 ) 
( 0 500 1100 ) ( 2 500 1100 ) 
( 1 2120 9460 ) 
( 3 800 700 ) 
( 0 500 1100 ) ( 2 500 1100 ) 
( 1 2010 5930 ) 
( 3 800 700 ) 
( 0 500 1100 ) ( 2 500 1100 ) 
( 1 1730 4050 ) 
( 3 800 700 ) 
( 0 500 1110 ) ( 2 500 1100 ) 
( 1 1910 4500 ) 
( 3 800 700 ) 
( 0 530 1120 ) ( 2 500 1100 ) 
( 1 1220 2890 ) 
( 3 800 700 ) 
( 0 500 1100 ) ( 2 500 1100 ) 
( 1 600 1540 ) 
( 3 800 700 ) 
( 0 500 1100 ) ( 2 500 1100 ) 
( 1 690 1540 ) 
( 3 800 700 ) 
( 0 500 1100 ) ( 2 500 1100 ) 
( 1 610 1590 ) 
( 3 800 700 ) 
( 0 500 1100 ) ( 2 500 1100 ) 
( 1 740 1740 ) 
( 3 800 700 ) 
( 0 500 1110 ) ( 2 500 1100 ) 
( 1 770 2180 ) 
( 3 800 700 ) 
( 0 500 1100 ) ( 2 500 1100 ) 
( 1 500 1100 ) 
( 3 800 700 ) 
( 0 500 1100 ) ( 2 500 1100 ) 
( 1 500 1100 ) 
( 3 800 700 ) 
( 0 500 1100 ) ( 2 500 1100 ) 
( 1 500 1110 ) 
( 3 800 700 ) 
( 0 500 1100 ) ( 2 500 1100 ) 
( 1 500 1110 ) 
( 3 800 700 ) 
( 0 500 1110 ) ( 2 500 1100 ) 
( 1 500 1120 ) 
( 3 800 700 ) 
( 0 500 1100 ) ( 2 500 1100 ) 
( 1 500 1100 ) 
( 3 800 700 ) 
( 0 500 1100 ) ( 2 500 1100 ) 
( 1 500 1100 ) 
( 3 800 700 ) 
( 0 500 1100 ) ( 2 500 1100 ) 
( 1 510 1100 ) 
( 3 800 700 ) 
( 0 500 1100 ) ( 2 500 1100 ) 
( 1 500 1100 ) 
( 3 800 700 ) 
( 0 500 1100 ) ( 2 500 1100 ) 
( 1 500 1100 ) 
( 3 800 700 ) 
( 0 11990 26970 ) ( 2 500 1300 ) 
( 1 8870 25820 ) 
( 3 172100 143890 ) 
( 0 10680 23980 ) ( 2 500 1300 ) 
( 1 6070 17320 ) 
( 3 78930 66330 ) 
( 0 7720 20990 ) ( 2 500 1300 ) 
( 1 4640 12270 ) 
( 3 27610 26110 ) 
( 0 8170 26740 ) ( 2 500 1300 ) 
( 1 3690 9120 ) 
( 3 21020 14400 ) 
( 0 15800 34220 ) ( 2 500 1300 ) 
( 1 1830 5240 ) 
( 3 43450 40770 ) 
( 0 10960 33020 ) ( 2 500 1300 ) 
( 1 7660 18780 ) 
( 3 92070 83570 ) 
( 0 8570 21730 ) ( 2 500 1300 ) 
( 1 3890 12550 ) 
( 3 6660 5910 ) 
( 0 6480 14760 ) ( 2 500 1300 ) 
( 1 3220 8030 ) 
( 3 7150 5130 ) 
( 0 6710 15090 ) ( 2 500 1300 ) 
( 1 2480 5970 ) 
( 3 1320 1430 ) 
( 0 7130 15400 ) ( 2 500 1300 ) 
( 1 1410 3600 ) 
( 3 800 810 ) 
( 0 8090 26550 ) ( 2 500 1300 ) 
( 1 4330 18310 ) 
( 3 15990 14380 ) 
( 0 4620 12590 ) ( 2 500 1300 ) 
( 1 4640 10420 ) 
( 3 800 800 ) 
( 0 3790 7220 ) ( 2 500 1300 ) 
( 1 3560 8310 ) 
( 3 890 920 ) 
( 0 3560 8010 ) ( 2 500 1300 ) 
( 1 2270 6240 ) 
( 3 800 800 ) 
( 0 2810 7740 ) ( 2 500 1300 ) 
( 1 1620 3220 ) 
( 3 800 800 ) 
( 0 6190 18140 ) ( 2 500 1300 ) 
( 1 3760 11670 ) 
( 3 810 800 ) 
( 0 2410 7900 ) ( 2 500 1300 ) 
( 1 3360 9710 ) 
( 3 830 800 ) 
( 0 1830 4280 ) ( 2 500 1300 ) 
( 1 3490 8450 ) 
( 3 800 800 ) 
( 0 2180 4310 ) ( 2 500 1300 ) 
( 1 2780 6040 ) 
( 3 800 800 ) 
( 0 2190 3960 ) ( 2 500 1300 ) 
( 1 1440 3480 ) 
( 3 800 800 ) 
( 0 3770 12860 ) ( 2 500 1300 ) 
( 1 6270 20430 ) 
( 3 900 900 ) 
( 0 1920 5570 ) ( 2 500 1300 ) 
( 1 6280 13530 ) 
( 3 800 800 ) 
( 0 1330 3340 ) ( 2 500 1300 ) 
( 1 4060 13610 ) 
( 3 800 800 ) 
( 0 1590 2730 ) ( 2 500 1300 ) 
( 1 3980 10930 ) 
( 3 800 800 ) 
( 0 1680 3480 ) ( 2 500 1300 ) 
( 1 2420 4870 ) 
( 3 800 800 ) 
( 0 580 1370 ) ( 2 500 1300 ) 
( 1 7720 34620 ) 
( 3 800 800 ) 
( 0 670 1860 ) ( 2 500 1300 ) 
( 1 4510 12870 ) 
( 3 800 800 ) 
( 0 600 1630 ) ( 2 500 1300 ) 
( 1 3150 10130 ) 
( 3 800 800 ) 
( 0 570 1490 ) ( 2 500 1300 ) 
( 1 2720 8360 ) 
( 3 800 800 ) 
( 0 680 1680 ) ( 2 500 1300 ) 
( 1 1770 4300 ) 
( 3 800 800 ) 
( 0 500 1300 ) ( 2 500 1300 ) 
( 1 1940 12250 ) 
( 3 800 800 ) 
( 0 500 1300 ) ( 2 500 1300 ) 
( 1 2090 7370 ) 
( 3 800 800 ) 
( 0 500 1300 ) ( 2 500 1300 ) 
( 1 1740 4980 ) 
( 3 800 800 ) 
( 0 500 1310 ) ( 2 500 1300 ) 
( 1 2100 4800 ) 
( 3 800 800 ) 
( 0 520 1350 ) ( 2 500 1300 ) 
( 1 1140 3120 ) 
( 3 800 800 ) 
( 0 500 1300 ) ( 2 500 1300 ) 
( 1 680 1900 ) 
( 3 800 800 ) 
( 0 500 1300 ) ( 2 500 1300 ) 
( 1 770 2150 ) 
( 3 800 800 ) 
( 0 500 1300 ) ( 2 500 1300 ) 
( 1 700 1970 ) 
( 3 800 800 ) 
( 0 500 1300 ) ( 2 500 1300 ) 
( 1 720 2270 ) 
( 3 800 800 ) 
( 0 500 1310 ) ( 2 500 1300 ) 
( 1 790 2500 ) 
( 3 800 800 ) 
( 0 500 1300 ) ( 2 500 1300 ) 
( 1 500 1310 ) 
( 3 800 800 ) 
( 0 500 1300 ) ( 2 500 1300 ) 
( 1 500 1300 ) 
( 3 800 800 ) 
( 0 500 1300 ) ( 2 500 1300 ) 
( 1 500 1300 ) 
( 3 800 800 ) 
( 0 500 1300 ) ( 2 500 1300 ) 
( 1 500 1310 ) 
( 3 800 800 ) 
( 0 500 1300 ) ( 2 500 1300 ) 
( 1 510 1330 ) 
( 3 800 800 ) 
( 0 500 1300 ) ( 2 500 1300 ) 
( 1 500 1300 ) 
( 3 800 800 ) 
( 0 500 1300 ) ( 2 500 1300 ) 
( 1 510 1300 ) 
( 3 800 800 ) 
( 0 500 1300 ) ( 2 500 1300 ) 
( 1 500 1300 ) 
( 3 800 800 ) 
( 0 500 1300 ) ( 2 500 1300 ) 
( 1 500 1300 ) 
( 3 800 800 ) 
( 0 510 1300 ) ( 2 500 1300 ) 
( 1 500 1300 ) 
( 3 800 800 ) 
( 0 11230 40500 ) ( 2 500 1500 ) 
( 1 9420 33200 ) 
( 3 255510 211100 ) 
( 0 11740 37260 ) ( 2 500 1500 ) 
( 1 6870 22490 ) 
( 3 106130 121990 ) 
( 0 11210 30190 ) ( 2 500 1500 ) 
( 1 5100 16360 ) 
( 3 37840 45520 ) 
( 0 12600 38560 ) ( 2 500 1500 ) 
( 1 4430 11420 ) 
( 3 27170 26150 ) 
( 0 18130 54440 ) ( 2 500 1500 ) 
( 1 1990 6470 ) 
( 3 63700 69420 ) 
( 0 15400 55280 ) ( 2 500 1500 ) 
( 1 12330 27290 ) 
( 3 138390 145840 ) 
( 0 12540 34400 ) ( 2 500 1500 ) 
( 1 5710 19180 ) 
( 3 8820 9810 ) 
( 0 9180 25930 ) ( 2 500 1500 ) 
( 1 4990 12060 ) 
( 3 8530 10590 ) 
( 0 8470 25720 ) ( 2 500 1500 ) 
( 1 2660 8760 ) 
( 3 2080 1890 ) 
( 0 10310 23890 ) ( 2 500 1500 ) 
( 1 1560 5040 ) 
( 3 820 1000 ) 
( 0 12410 44610 ) ( 2 500 1500 ) 
( 1 9120 24670 ) 
( 3 18850 27590 ) 
( 0 6760 20330 ) ( 2 500 1500 ) 
( 1 5040 17430 ) 
( 3 800 900 ) 
( 0 4370 13150 ) ( 2 500 1500 ) 
( 1 3870 13150 ) 
( 3 900 1040 ) 
( 0 3740 12700 ) ( 2 500 1500 ) 
( 1 2760 10200 ) 
( 3 800 900 ) 
( 0 4570 12620 ) ( 2 500 1500 ) 
( 1 1680 5490 ) 
( 3 800 900 ) 
( 0 7710 30240 ) ( 2 500 1500 ) 
( 1 6520 18290 ) 
( 3 800 920 ) 
( 0 3630 12260 ) ( 2 500 1500 ) 
( 1 4400 15330 ) 
( 3 810 950 ) 
( 0 2070 7030 ) ( 2 500 1500 ) 
( 1 3860 14240 ) 
( 3 800 900 ) 
( 0 2810 6580 ) ( 2 500 1500 ) 
( 1 2700 10020 ) 
( 3 800 900 ) 
( 0 2690 6730 ) ( 2 500 1500 ) 
( 1 1830 5020 ) 
( 3 800 900 ) 
( 0 5340 20640 ) ( 2 500 1500 ) 
( 1 8560 33720 ) 
( 3 930 1010 ) 
( 0 2570 8410 ) ( 2 500 1500 ) 
( 1 6390 26790 ) 
( 3 800 900 ) 
( 0 1510 5170 ) ( 2 500 1500 ) 
( 1 6060 23670 ) 
( 3 800 900 ) 
( 0 1440 5050 ) ( 2 500 1500 ) 
( 1 5950 18190 ) 
( 3 800 900 ) 
( 0 2250 5630 ) ( 2 500 1500 ) 
( 1 3240 7130 ) 
( 3 800 900 ) 
( 0 540 1710 ) ( 2 500 1500 ) 
( 1 10640 59710 ) 
( 3 800 900 ) 
( 0 730 2170 ) ( 2 500 1500 ) 
( 1 5880 24870 ) 
( 3 800 900 ) 
( 0 690 1930 ) ( 2 500 1500 ) 
( 1 5080 15880 ) 
( 3 800 900 ) 
( 0 640 2030 ) ( 2 500 1500 ) 
( 1 4170 14640 ) 
( 3 800 900 ) 
( 0 760 2310 ) ( 2 500 1500 ) 
( 1 2080 6380 ) 
( 3 800 900 ) 
( 0 500 1500 ) ( 2 500 1500 ) 
( 1 3040 20950 ) 
( 3 800 900 ) 
( 0 500 1510 ) ( 2 500 1500 ) 
( 1 2860 14300 ) 
( 3 800 900 ) 
( 0 500 1520 ) ( 2 500 1500 ) 
( 1 2250 8840 ) 
( 3 800 900 ) 
( 0 500 1540 ) ( 2 500 1500 ) 
( 1 2380 9810 ) 
( 3 800 900 ) 
( 0 540 1570 ) ( 2 500 1500 ) 
( 1 1360 5430 ) 
( 3 800 900 ) 
( 0 500 1500 ) ( 2 500 1500 ) 
( 1 700 2940 ) 
( 3 800 900 ) 
( 0 500 1500 ) ( 2 500 1500 ) 
( 1 820 3220 ) 
( 3 800 900 ) 
( 0 500 1500 ) ( 2 500 1500 ) 
( 1 810 3030 ) 
( 3 800 900 ) 
( 0 500 1500 ) ( 2 500 1500 ) 
( 1 940 3250 ) 
( 3 800 900 ) 
( 0 500 1520 ) ( 2 500 1500 ) 
( 1 1290 3930 ) 
( 3 800 900 ) 
( 0 500 1500 ) ( 2 500 1500 ) 
( 1 500 1500 ) 
( 3 800 900 ) 
( 0 500 1500 ) ( 2 500 1500 ) 
( 1 500 1510 ) 
( 3 800 900 ) 
( 0 500 1500 ) ( 2 500 1500 ) 
( 1 510 1500 ) 
( 3 800 900 ) 
( 0 500 1500 ) ( 2 500 1500 ) 
( 1 500 1510 ) 
( 3 800 900 ) 
( 0 500 1500 ) ( 2 500 1500 ) 
( 1 510 1510 ) 
( 3 800 900 ) 
( 0 500 1500 ) ( 2 500 1500 ) 
( 1 500 1510 ) 
( 3 800 900 ) 
( 0 500 1500 ) ( 2 500 1500 ) 
( 1 500 1500 ) 
( 3 800 900 ) 
( 0 500 1500 ) ( 2 500 1500 ) 
( 1 500 1500 ) 
( 3 800 900 ) 
( 0 500 1500 ) ( 2 500 1500 ) 
( 1 500 1500 ) 
( 3 800 900 ) 
( 0 500 1500 ) ( 2 500 1500 ) 
( 1 500 1520 ) 
( 3 800 900 ) 
